NACA 0012
    1.000000      0.1260000E-02
   0.9864068      0.3151366E-02
   0.9666261      0.5848132E-02
   0.9434065      0.8932870E-02
   0.9184198      0.1215883E-01
   0.8927467      0.1537652E-01
   0.8668315      0.1852861E-01
   0.8408262      0.2159772E-01
   0.8147816      0.2457937E-01
   0.7887164      0.2747251E-01
   0.7626394      0.3027655E-01
   0.7365565      0.3299048E-01
   0.7104727      0.3561259E-01
   0.6843928      0.3814034E-01
   0.6583216      0.4057035E-01
   0.6322642      0.4289831E-01
   0.6062257      0.4511901E-01
   0.5802114      0.4722625E-01
   0.5542270      0.4921283E-01
   0.5282786      0.5107050E-01
   0.5023727      0.5278989E-01
   0.4765164      0.5436049E-01
   0.4507176      0.5577052E-01
   0.4249850      0.5700688E-01
   0.3993289      0.5805504E-01
   0.3737607      0.5889888E-01
   0.3482943      0.5952057E-01
   0.3229460      0.5990034E-01
   0.2977361      0.6001628E-01
   0.2726898      0.5984405E-01
   0.2478395      0.5935657E-01
   0.2232288      0.5852377E-01
   0.1989181      0.5731257E-01
   0.1749967      0.5568748E-01
   0.1516037      0.5361348E-01
   0.1289673      0.5106399E-01
   0.1074605      0.4803980E-01
   0.8763735E-01  0.4460147E-01
   0.7013898E-01  0.4089525E-01
   0.5540605E-01  0.3712360E-01
   0.4343478E-01  0.3345828E-01
   0.3385348E-01  0.2998199E-01
   0.2617470E-01  0.2670025E-01
   0.1996575E-01  0.2357907E-01
   0.1489917E-01  0.2057151E-01
   0.1074622E-01  0.1763015E-01
   0.7357152E-02  0.1471222E-01
   0.4643567E-02  0.1178354E-01
   0.2563928E-02  0.8824942E-02
   0.1106742E-02  0.5842382E-02
   0.2642432E-03  0.2875548E-02
   0.3081488E-32  0.2220970E-15
   0.2642432E-03 -0.2875548E-02
   0.1106742E-02 -0.5842382E-02
   0.2563928E-02 -0.8824942E-02
   0.4643567E-02 -0.1178354E-01
   0.7357152E-02 -0.1471222E-01
   0.1074622E-01 -0.1763015E-01
   0.1489917E-01 -0.2057151E-01
   0.1996575E-01 -0.2357907E-01
   0.2617470E-01 -0.2670025E-01
   0.3385348E-01 -0.2998199E-01
   0.4343478E-01 -0.3345828E-01
   0.5540605E-01 -0.3712360E-01
   0.7013898E-01 -0.4089525E-01
   0.8763735E-01 -0.4460147E-01
   0.1074605     -0.4803980E-01
   0.1289673     -0.5106399E-01
   0.1516037     -0.5361348E-01
   0.1749967     -0.5568748E-01
   0.1989181     -0.5731257E-01
   0.2232288     -0.5852377E-01
   0.2478395     -0.5935657E-01
   0.2726898     -0.5984405E-01
   0.2977361     -0.6001628E-01
   0.3229460     -0.5990034E-01
   0.3482943     -0.5952057E-01
   0.3737607     -0.5889888E-01
   0.3993289     -0.5805504E-01
   0.4249850     -0.5700688E-01
   0.4507176     -0.5577052E-01
   0.4765164     -0.5436049E-01
   0.5023727     -0.5278989E-01
   0.5282786     -0.5107050E-01
   0.5542270     -0.4921283E-01
   0.5802114     -0.4722625E-01
   0.6062257     -0.4511901E-01
   0.6322642     -0.4289831E-01
   0.6583216     -0.4057035E-01
   0.6843928     -0.3814034E-01
   0.7104727     -0.3561259E-01
   0.7365565     -0.3299048E-01
   0.7626394     -0.3027655E-01
   0.7887164     -0.2747251E-01
   0.8147816     -0.2457937E-01
   0.8408262     -0.2159772E-01
   0.8668315     -0.1852861E-01
   0.8927467     -0.1537652E-01
   0.9184198     -0.1215883E-01
   0.9434065     -0.8932870E-02
   0.9666261     -0.5848132E-02
   0.9864068     -0.3151366E-02
    1.000000     -0.1260000E-02
